Kpu = 1.75
Tu1 = 23.34/30 = 0.778
Tu2 = 23.40/30 = 0.780
Tu3 = 23.25/30 = 0.775
Tu = 0.778


Kp = 0.6*Ku = 0.6*1.75 = 1.05
Ki = 2*Kp/Tu = 2*1.05/.778 = 2.699228792
Kd = Kp*Tu/8 = 1.05*.778/8 = 0.1021125
